0 0.564774 0.475619 0.014556 0.0152838
0 0.835517 0.628457 0.0174672 0.0211063
0 0.506186 0.558952 0.0167394 0.0189229
0 0.26492 0.38246 0.0131004 0.0181951
0 0.549127 0.668122 0.0196507 0.0203785
0 0.547307 0.73508 0.014556 0.0203785
0 0.565502 0.586972 0.0189229 0.0152838
0 0.727074 0.777293 0.0232897 0.0160116
0 0.83115 0.395924 0.0189229 0.0232897
0 0.732169 0.684134 0.0189229 0.0232897
0 0.51492 0.731077 0.0181951 0.0225619
0 0.84425 0.658661 0.0160116 0.0160116
0 0.310044 0.75837 0.0174672 0.0160116
0 0.812591 0.739811 0.0211063 0.0211063
0 0.7631 0.693231 0.0196507 0.0181951
0 0.516376 0.812227 0.0152838 0.0174672
0 0.207424 0.432314 0.0131004 0.014556
0 0.756914 0.783843 0.0291121 0.0203785
0 0.832242 0.770015 0.0269287 0.0174672
0 0.470888 0.815138 0.014556 0.0160116
0 0.80313 0.758006 0.0196507 0.0181951
0 0.525837 0.784207 0.0181951 0.0240175
0 0.431223 0.789301 0.0167394 0.0181951
0 0.469796 0.854804 0.0167394 0.0181951
0 0.287118 0.47016 0.0152838 0.0203785
0 0.664119 0.902838 0.0181951 0.0211063
0 0.801674 0.597889 0.0167394 0.0167394
0 0.494178 0.868996 0.0203785 0.0232897
0 0.176856 0.616812 0.0291121 0.0167394
0 0.500364 0.69869 0.0211063 0.0232897
0 0.710699 0.66048 0.0225619 0.0181951
0 0.54476 0.718341 0.0167394 0.0160116
0 0.177948 0.38901 0.0123726 0.0123726
0 0.860262 0.604076 0.0160116 0.0160116
0 0.158297 0.445051 0.0138282 0.0138282
0 0.713974 0.641921 0.0262009 0.0189229
0 0.778748 0.656477 0.0232897 0.0189229
0 0.826055 0.757642 0.0262009 0.0189229
0 0.320597 0.751819 0.0181951 0.0174672
0 0.31441 0.781659 0.0160116 0.0189229
0 0.489083 0.57278 0.0131004 0.0174672
0 0.64083 0.643741 0.0152838 0.0181951
0 0.541849 0.833333 0.0181951 0.0203785
0 0.638282 0.873362 0.0203785 0.0189229
0 0.826783 0.697234 0.0305677 0.0218341
0 0.863537 0.654658 0.0211063 0.0211063
0 0.954148 0.522562 0.0218341 0.0203785
0 0.269287 0.30968 0.0101892 0.00946143
0 0.599709 0.83952 0.0203785 0.0167394
0 0.565866 0.502547 0.0152838 0.0167394
0 0.171033 0.433406 0.014556 0.0167394
0 0.367904 0.754367 0.0138282 0.0196507
0 0.258006 0.471616 0.0167394 0.0131004
0 0.1754 0.53639 0.0203785 0.014556
0 0.300946 0.442868 0.0225619 0.0167394
0 0.695051 0.904294 0.0160116 0.0138282
0 0.489447 0.783479 0.0211063 0.0138282
0 0.271834 0.687773 0.0152838 0.0174672
0 0.191048 0.416303 0.0167394 0.014556
0 0.463974 0.195415 0.0138282 0.0167394
0 0.288937 0.352256 0.0160116 0.0174672
0 0.789301 0.736536 0.0181951 0.0218341
0 0.69032 0.715429 0.0138282 0.0174672
0 0.268195 0.38064 0.0196507 0.0174672
0 0.2631 0.330786 0.0138282 0.0167394
0 0.742358 0.405022 0.0189229 0.0211063
0 0.931587 0.254003 0.0174672 0.014556
0 0.273654 0.379913 0.0160116 0.0160116
0 0.439592 0.808588 0.0174672 0.014556
0 0.363173 0.554221 0.0174672 0.0211063
0 0.926856 0.780932 0.0167394 0.0334789
0 0.176492 0.628821 0.0269287 0.0174672
0 0.385735 0.300946 0.0174672 0.0138282
0 0.55313 0.641921 0.0276565 0.0174672
0 0.455968 0.727074 0.0269287 0.0160116
0 0.822416 0.702693 0.0218341 0.0254731
0 0.597525 0.728166 0.0131004 0.0152838
0 0.459971 0.834789 0.0160116 0.0131004
0 0.530568 0.595706 0.0247453 0.0225619
0 0.385007 0.773654 0.014556 0.014556
0 0.229258 0.681587 0.0131004 0.0225619
0 0.517467 0.321689 0.0203785 0.0218341
0 0.632096 0.80968 0.0181951 0.0152838
0 0.451601 0.859534 0.0167394 0.0189229
0 0.66048 0.656114 0.0196507 0.0181951
0 0.490175 0.873362 0.0181951 0.0247453
0 0.180495 0.647016 0.0203785 0.0160116
0 0.516376 0.531295 0.0152838 0.0218341
0 0.551674 0.582969 0.0160116 0.0174672
0 0.480349 0.713246 0.0174672 0.0262009
0 0.878093 0.562591 0.0211063 0.0160116
0 0.813319 0.632824 0.0225619 0.0211063
0 0.763464 0.628093 0.0203785 0.0218341
0 0.263828 0.570233 0.0181951 0.0283843
0 0.445051 0.709243 0.0167394 0.0240175
0 0.622271 0.790757 0.0218341 0.0181951
0 0.536026 0.521106 0.0152838 0.0174672
0 0.717613 0.756186 0.014556 0.0247453
0 0.250728 0.737627 0.0138282 0.0225619
0 0.531659 0.567686 0.0225619 0.0131004
0 0.703421 0.691048 0.0181951 0.0312955
0 0.0695051 0.723435 0.0196507 0.0174672
0 0.919578 0.576783 0.0298399 0.0167394
0 0.21361 0.506914 0.0152838 0.0225619
0 0.196507 0.460335 0.0218341 0.0138282
0 0.933406 0.534207 0.0181951 0.0262009
0 0.931223 0.278384 0.0196507 0.0152838
0 0.783115 0.694687 0.0189229 0.0254731
0 0.800582 0.40393 0.0276565 0.0174672
0 0.302766 0.590975 0.0247453 0.0160116
0 0.952693 0.286754 0.0160116 0.0174672
0 0.520015 0.318777 0.0196507 0.0189229
0 0.791485 0.627365 0.0225619 0.0160116
0 0.19687 0.505822 0.0181951 0.0262009
0 0.893377 0.541121 0.0240175 0.0167394
0 0.958879 0.501819 0.0196507 0.0240175
0 0.794396 0.670306 0.0181951 0.0305677
0 0.908661 0.608079 0.0211063 0.0152838
0 0.344978 0.558224 0.0218341 0.0203785
0 0.686681 0.654658 0.0181951 0.0240175
0 0.303493 0.576783 0.0247453 0.0152838
0 0.346798 0.749272 0.0225619 0.0196507
0 0.725619 0.408297 0.0174672 0.0203785
0 0.600073 0.865721 0.0196507 0.0269287
0 0.374454 0.399927 0.0138282 0.0196507
0 0.264556 0.422853 0.0152838 0.0174672
0 0.370451 0.785298 0.0131004 0.0203785
0 0.161208 0.649199 0.0240175 0.0174672
0 0.884643 0.302766 0.0181951 0.0189229
0 0.660844 0.870815 0.0232897 0.0225619
0 0.944687 0.572052 0.0203785 0.0218341
0 0.147016 0.600073 0.0203785 0.0152838
0 0.63246 0.0851528 0.0174672 0.0131004
0 0.322052 0.253275 0.0138282 0.0232897
0 0.894469 0.629549 0.0189229 0.0291121
0 0.276929 0.268559 0.0196507 0.014556
0 0.534571 0.761645 0.0152838 0.0327511
0 0.784935 0.784935 0.0225619 0.0211063
0 0.737991 0.629185 0.0203785 0.0254731
0 0.913392 0.245997 0.0218341 0.0160116
0 0.267831 0.649563 0.0232897 0.0152838
0 0.644105 0.767103 0.0232897 0.0276565
0 0.705968 0.927948 0.0247453 0.0218341
0 0.737991 0.915211 0.0203785 0.0240175
0 0.818049 0.342067 0.0276565 0.0174672
0 0.324964 0.440684 0.0269287 0.0138282
0 0.103348 0.60262 0.0174672 0.0116448
0 0.75655 0.894833 0.0254731 0.0240175
0 0.633552 0.467977 0.0269287 0.0160116
0 0.240175 0.453421 0.0218341 0.0131004
0 0.604076 0.339156 0.0232897 0.0160116
0 0.840611 0.715065 0.0305677 0.0167394
0 0.298399 0.799854 0.0203785 0.0262009
0 0.158297 0.539665 0.0240175 0.0167394
0 0.755459 0.424672 0.0203785 0.0269287
0 0.573872 0.329694 0.0240175 0.0203785
0 0.865721 0.505095 0.0225619 0.0232897
0 0.826055 0.677584 0.0334789 0.0174672
0 0.989447 0.666667 0.0196507 0.0160116
0 0.364265 0.613173 0.0181951 0.0225619
0 0.152475 0.695051 0.0254731 0.014556
0 0.160844 0.507278 0.0262009 0.0174672
0 0.361354 0.473435 0.0167394 0.0225619
0 0.649199 0.570233 0.0203785 0.0327511
0 0.883916 0.649563 0.0181951 0.0240175
0 0.755095 0.336245 0.0269287 0.0174672
0 0.74163 0.820597 0.0276565 0.0225619
0 0.293668 0.128093 0.0196507 0.0174672
0 0.354076 0.384279 0.0152838 0.0276565
0 0.344614 0.837336 0.0196507 0.0269287
0 0.598617 0.982169 0.0356623 0.0167394
0 0.858442 0.848253 0.0225619 0.0283843
