0 0.583909 0.109063 0.0188172 0.0176651
0 0.481759 0.171467 0.014977 0.014977
0 0.788786 0.261521 0.0215054 0.015361
0 0.816244 0.260561 0.0195853 0.015745
0 0.19278 0.420507 0.016129 0.0168971
0 0.605223 0.117896 0.0176651 0.0199693
0 0.0416667 0.457181 0.015745 0.0180492
0 0.0637481 0.543395 0.0207373 0.0199693
0 0.540131 0.191628 0.0142089 0.015361
0 0.46851 0.178379 0.0168971 0.0134409
0 0.607911 0.126344 0.015361 0.016129
0 0.569508 0.144201 0.0253456 0.0188172
0 0.33967 0.188172 0.0241935 0.015361
0 0.184716 0.372504 0.0192012 0.0176651
0 0.0512673 0.352535 0.0165131 0.0168971
0 0.329685 0.15073 0.0165131 0.0172811
0 0.931452 0.564132 0.014977 0.0138249
0 0.431068 0.947965 0.0257296 0.0142089
0 0.868472 0.712942 0.0188172 0.0165131
0 0.451613 0.785138 0.0238095 0.0226575
0 0.856759 0.289363 0.0238095 0.0165131
0 0.433564 0.140745 0.0291859 0.0188172
0 0.231951 0.40073 0.0230415 0.015745
0 0.0660522 0.563748 0.0184332 0.016129
0 0.364055 0.0915899 0.0199693 0.0195853
0 0.170123 0.371544 0.015361 0.015745
0 0.212366 0.436252 0.0176651 0.0145929
0 0.333717 0.134409 0.015361 0.0168971
0 0.842934 0.471006 0.016129 0.0211214
0 0.553187 0.177035 0.0142089 0.015361
0 0.34735 0.202573 0.0211214 0.0142089
0 0.31394 0.170123 0.0165131 0.0222734
0 0.5649 0.105415 0.0222734 0.0218894
0 0.88172 0.317396 0.0207373 0.0264977
0 0.878072 0.682988 0.0234255 0.0264977
0 0.872504 0.481375 0.0145929 0.0203533
0 0.926843 0.476382 0.0257296 0.0218894
0 0.535906 0.159178 0.0234255 0.015745
0 0.22523 0.451421 0.0203533 0.0203533
0 0.467358 0.127112 0.0168971 0.0168971
0 0.236559 0.419547 0.0215054 0.0188172
0 0.295315 0.540323 0.0238095 0.016129
0 0.701229 0.18606 0.0360983 0.0226575
0 0.429147 0.273618 0.0226575 0.0165131
0 0.702189 0.223694 0.0195853 0.0165131
0 0.260177 0.170507 0.0234255 0.0322581
0 0.211598 0.550883 0.0253456 0.0172811
0 0.414171 0.0871736 0.0257296 0.016129
0 0.0422427 0.373272 0.0192012 0.0168971
0 0.325269 0.110599 0.0238095 0.016129
0 0.863479 0.746928 0.0165131 0.0230415
0 0.0654762 0.666667 0.0257296 0.0238095
0 0.806836 0.877496 0.0199693 0.0184332
