0 0.623472 0.710065 0.0138549 0.0126324
0 0.710269 0.381826 0.0154849 0.0171149
0 0.710473 0.662795 0.0175224 0.0167074
0 0.364711 0.640587 0.0211899 0.0154849
0 0.521597 0.66198 0.0154849 0.0118174
0 0.652812 0.530359 0.0228199 0.0158924
0 0.611654 0.395477 0.0146699 0.0150774
0 0.404034 0.678688 0.0150774 0.0167074
0 0.452119 0.791972 0.0158924 0.0199674
0 0.582722 0.741646 0.0203749 0.0146699
0 0.65872 0.51467 0.0224124 0.0195599
0 0.516911 0.738794 0.0232274 0.0228199
0 0.444173 0.809087 0.0228199 0.0167074
0 0.664018 0.486553 0.0256724 0.0154849
0 0.58639 0.446007 0.0179299 0.0158924
0 0.495518 0.707009 0.0220049 0.0187449
0 0.51304 0.742665 0.0195599 0.0207824
0 0.701915 0.406887 0.0175224 0.0175224
0 0.421353 0.670742 0.0179299 0.0179299
0 0.482478 0.865526 0.0187449 0.0203749
0 0.443969 0.734311 0.0199674 0.0211899
0 0.8478 0.568052 0.0142624 0.0162999
0 0.628769 0.395273 0.0154849 0.0154849
0 0.604116 0.533007 0.0281174 0.0162999
0 0.683578 0.537286 0.0199674 0.0199674
0 0.639772 0.413203 0.0220049 0.0162999
0 0.468011 0.94132 0.0167074 0.0154849
0 0.332518 0.71903 0.0211899 0.0191524
0 0.733089 0.598003 0.0171149 0.0183374
0 0.335371 0.773839 0.0171149 0.0236349
0 0.487368 0.904034 0.0171149 0.0158924
0 0.449878 0.672372 0.0179299 0.0162999
0 0.719234 0.640791 0.0211899 0.0158924
0 0.74674 0.548289 0.0158924 0.0167074
0 0.293399 0.777914 0.0203749 0.0162999
0 0.529544 0.748574 0.0158924 0.0146699
0 0.725346 0.402404 0.0203749 0.0191524
0 0.523024 0.570293 0.0207824 0.0167074
0 0.540954 0.703749 0.0183374 0.0146699
0 0.506724 0.573961 0.0175224 0.0158924
0 0.675428 0.689894 0.0175224 0.0179299
0 0.5652 0.512021 0.0179299 0.0199674
0 0.44784 0.948044 0.0179299 0.0150774
0 0.60269 0.54564 0.0285249 0.0179299
0 0.640994 0.76141 0.0179299 0.0183374
0 0.59128 0.495518 0.0154849 0.0203749
0 0.719641 0.365322 0.0195599 0.0248574
0 0.769967 0.733089 0.0142624 0.0203749
0 0.714751 0.744703 0.0195599 0.0183374
0 0.590872 0.753667 0.0162999 0.0199674
0 0.763651 0.569682 0.0195599 0.0171149
0 0.658109 0.386512 0.0195599 0.0167074
0 0.695803 0.639976 0.0256724 0.0175224
0 0.569275 0.892421 0.0195599 0.0187449
0 0.661369 0.758965 0.0187449 0.0232274
0 0.835167 0.609617 0.0175224 0.0130399
0 0.492258 0.685004 0.0244499 0.0154849
0 0.79401 0.543806 0.0167074 0.0256724
0 0.679503 0.767522 0.0167074 0.0224124
0 0.564385 0.718623 0.0171149 0.0207824
0 0.488998 0.726773 0.0211899 0.0207824
0 0.66524 0.444784 0.0248574 0.0183374
0 0.71414 0.424205 0.0207824 0.0195599
0 0.840668 0.649755 0.0268949 0.0167074
0 0.345151 0.82009 0.0203749 0.0281174
0 0.4022 0.770171 0.0171149 0.0268949
0 0.312551 0.910758 0.0195599 0.0179299
0 0.47392 0.566422 0.0122249 0.0138549
0 0.593113 0.877547 0.0256724 0.0199674
0 0.570293 0.766504 0.0248574 0.0146699
0 0.75163 0.778525 0.0289324 0.0158924
0 0.532396 0.820497 0.0248574 0.0191524
0 0.860228 0.585167 0.0309698 0.0162999
0 0.398533 0.891809 0.0154849 0.0207824
0 0.569071 0.820497 0.0215974 0.0191524
0 0.47881 0.802567 0.0162999 0.0297474
0 0.392828 0.803178 0.0244499 0.0171149
0 0.569071 0.677873 0.0273024 0.0215974
0 0.447433 0.862673 0.0285249 0.0187449
0 0.408313 0.952527 0.0293399 0.0191524
0 0.49022 0.958435 0.0268949 0.0171149
