0 0.534731 0.550131 0.0183486 0.0163827
0 0.40924 0.861075 0.0190039 0.0222805
0 0.418086 0.238204 0.0209699 0.0190039
0 0.663827 0.1173 0.0117955 0.0157274
0 0.293578 0.624181 0.017038 0.0268676
0 0.368938 0.269659 0.0183486 0.0137615
0 0.496723 0.233617 0.0183486 0.0150721
0 0.320773 0.836173 0.0124509 0.0117955
0 0.314548 0.699541 0.017038 0.0137615
0 0.607798 0.547837 0.0150721 0.0157274
0 0.433814 0.285387 0.017038 0.0176933
0 0.656946 0.104194 0.0124509 0.0104849
0 0.462647 0.899738 0.0144168 0.017038
0 0.403014 0.550786 0.0157274 0.0163827
0 0.205111 0.512123 0.017038 0.0190039
0 0.954784 0.6019 0.0131062 0.0137615
0 0.911861 0.66055 0.0124509 0.0117955
0 0.290301 0.254915 0.0157274 0.0196592
0 0.541612 0.910223 0.0163827 0.0183486
0 0.658257 0.150393 0.0150721 0.0111402
0 0.56979 0.90924 0.0150721 0.0150721
0 0.195937 0.464613 0.0157274 0.0183486
0 0.189056 0.602228 0.0190039 0.0144168
0 0.957405 0.545544 0.0157274 0.0150721
0 0.789319 0.837811 0.0163827 0.0150721
0 0.357798 0.20675 0.0157274 0.0190039
0 0.404653 0.659567 0.0150721 0.0150721
0 0.439712 0.724443 0.017038 0.0137615
0 0.701507 0.170708 0.0229358 0.0163827
0 0.685452 0.207733 0.017038 0.0157274
0 0.533093 0.185452 0.0163827 0.017038
0 0.187418 0.566514 0.0209699 0.0190039
0 0.387615 0.865662 0.0150721 0.0209699
0 0.857798 0.613696 0.0144168 0.0176933
0 0.426278 0.197248 0.0176933 0.0144168
0 0.536697 0.148427 0.0183486 0.0150721
0 0.309305 0.645151 0.0144168 0.0150721
0 0.271298 0.604849 0.0131062 0.0157274
0 0.762779 0.271298 0.0157274 0.017038
0 0.926933 0.66055 0.0137615 0.0131062
0 0.69692 0.150066 0.0216252 0.0157274
0 0.381389 0.402687 0.0144168 0.0150721
0 0.405963 0.862713 0.0150721 0.0216252
0 0.773591 0.19135 0.0137615 0.0157274
0 0.733945 0.281782 0.0144168 0.0196592
0 0.56422 0.365662 0.0157274 0.0144168
0 0.937418 0.639581 0.0229358 0.0183486
0 0.773919 0.855832 0.0183486 0.017038
0 0.257864 0.343709 0.0176933 0.0216252
0 0.81848 0.383683 0.0209699 0.0176933
0 0.351245 0.604522 0.0157274 0.0163827
0 0.743119 0.734273 0.017038 0.0111402
0 0.601573 0.909567 0.0144168 0.017038
0 0.90367 0.426605 0.0131062 0.0183486
0 0.898755 0.324705 0.0203145 0.0124509
0 0.242792 0.384993 0.0163827 0.0176933
0 0.797182 0.82405 0.0150721 0.0111402
0 0.502621 0.180537 0.0157274 0.0163827
0 0.183814 0.455439 0.0176933 0.017038
0 0.324377 0.29194 0.017038 0.0203145
0 0.834207 0.610092 0.0144168 0.017038
0 0.412189 0.794561 0.0209699 0.025557
0 0.491809 0.909567 0.0137615 0.0131062
0 0.666448 0.895151 0.0144168 0.0235911
0 0.30865 0.799803 0.0157274 0.0229358
0 0.897444 0.497706 0.0203145 0.0190039
0 0.855505 0.640236 0.0203145 0.0196592
0 0.806029 0.238204 0.0131062 0.0124509
0 0.831586 0.253604 0.017038 0.0117955
0 0.459371 0.55308 0.017038 0.0144168
0 0.177916 0.540629 0.0229358 0.0209699
0 0.733945 0.259502 0.017038 0.0157274
0 0.878113 0.340432 0.0183486 0.0190039
0 0.926606 0.370904 0.0131062 0.0157274
0 0.518676 0.803735 0.0216252 0.0176933
0 0.32405 0.395806 0.0176933 0.017038
0 0.952163 0.472805 0.0209699 0.0137615
0 0.403342 0.211992 0.0242464 0.0216252
0 0.943971 0.442005 0.0176933 0.0190039
0 0.52654 0.670708 0.0163827 0.0163827
0 0.774902 0.252621 0.0229358 0.0163827
0 0.542595 0.803408 0.0235911 0.017038
0 0.62713 0.155963 0.0209699 0.0157274
0 0.289974 0.807995 0.0176933 0.0262123
0 0.947248 0.582569 0.0229358 0.0157274
0 0.892529 0.641547 0.0222805 0.0144168
0 0.655963 0.199541 0.0235911 0.0163827
0 0.832241 0.269004 0.0157274 0.0203145
0 0.848952 0.358453 0.0203145 0.017038
0 0.801114 0.192333 0.0176933 0.0190039
0 0.916121 0.442333 0.0196592 0.0209699
0 0.577654 0.811927 0.025557 0.017038
0 0.399083 0.597641 0.0209699 0.0183486
0 0.819463 0.425623 0.0203145 0.0124509
0 0.519659 0.212647 0.0209699 0.0150721
0 0.438729 0.165465 0.0203145 0.0150721
0 0.780144 0.332896 0.0242464 0.0157274
0 0.765727 0.169725 0.0111402 0.0144168
0 0.581913 0.851245 0.0222805 0.0209699
0 0.265072 0.699541 0.0203145 0.0150721
0 0.772608 0.221822 0.0235911 0.0150721
0 0.868611 0.252294 0.0176933 0.017038
0 0.502294 0.158912 0.0203145 0.0176933
0 0.757536 0.237549 0.0157274 0.0216252
0 0.500983 0.126802 0.0216252 0.0176933
0 0.805374 0.482634 0.0196592 0.0216252
0 0.181848 0.421691 0.0176933 0.0229358
0 0.779489 0.302425 0.0294889 0.0163827
0 0.891547 0.462975 0.0176933 0.0294889
0 0.404653 0.138598 0.0176933 0.0176933
