0 0.444615 0.417692 0.0266667 0.0271795
0 0.942564 0.405385 0.0205128 0.0220513
0 0.911538 0.404615 0.0148718 0.0235897
0 0.195641 0.251282 0.02 0.0246154
0 0.955128 0.608205 0.0220513 0.0317949
0 0.155385 0.322564 0.0153846 0.0317949
0 0.906667 0.308462 0.0215385 0.0282051
0 0.42359 0.12641 0.0174359 0.0220513
0 0.657436 0.972051 0.025641 0.0251282
0 0.61 0.830769 0.0353846 0.0184615
0 0.141538 0.636667 0.0174359 0.0353846
0 0.568205 0.823333 0.0297436 0.0169231
0 0.823333 0.327179 0.0282051 0.0235897
0 0.526923 0.0669231 0.0282051 0.0230769
