0 0.570597 0.547671 0.014556 0.0123726
0 0.954148 0.526565 0.0189229 0.0240175
0 0.102984 0.604076 0.0167394 0.0131004
0 0.86099 0.600073 0.0131004 0.010917
0 0.565502 0.832969 0.0131004 0.0138282
0 0.24818 0.327511 0.0116448 0.0116448
0 0.930859 0.278748 0.0160116 0.014556
0 0.732897 0.855531 0.0247453 0.0181951
0 0.824236 0.699782 0.0225619 0.0254731
0 0.264192 0.385735 0.0131004 0.0160116
0 0.231441 0.716157 0.0160116 0.0101892
0 0.911936 0.225619 0.0203785 0.014556
0 0.493086 0.742722 0.0211063 0.0138282
0 0.842795 0.657933 0.0160116 0.0160116
0 0.506914 0.558952 0.0152838 0.0174672
0 0.51492 0.732169 0.0138282 0.0232897
0 0.509825 0.750728 0.0138282 0.0138282
0 0.200873 0.580786 0.014556 0.0174672
0 0.43377 0.828966 0.0189229 0.0174672
0 0.261281 0.699054 0.0174672 0.0138282
0 0.160844 0.588064 0.014556 0.0131004
0 0.909753 0.606987 0.0189229 0.0131004
0 0.492722 0.755822 0.0160116 0.0123726
0 0.362809 0.230349 0.010917 0.0138282
0 0.826055 0.571688 0.0116448 0.010917
0 0.904294 0.5877 0.0152838 0.0181951
0 0.288574 0.350437 0.0152838 0.0167394
0 0.811499 0.738355 0.0189229 0.0181951
0 0.255822 0.721252 0.0138282 0.0131004
0 0.568049 0.485444 0.0138282 0.0116448
0 0.156477 0.565866 0.0131004 0.0123726
0 0.267467 0.458515 0.0138282 0.0160116
0 0.189592 0.402111 0.0167394 0.0123726
0 0.1623 0.555313 0.0160116 0.0131004
0 0.180859 0.604804 0.0269287 0.0101892
0 0.235444 0.319141 0.0123726 0.00946143
0 0.358806 0.24163 0.0101892 0.0101892
0 0.203421 0.499636 0.0138282 0.0211063
0 0.274745 0.379549 0.0138282 0.0181951
0 0.300218 0.423945 0.0211063 0.0123726
0 0.53639 0.678675 0.0131004 0.0123726
0 0.384279 0.286026 0.0160116 0.0131004
0 0.852984 0.570597 0.0131004 0.0189229
0 0.609534 0.858442 0.0123726 0.0152838
0 0.56623 0.588792 0.0174672 0.014556
0 0.547307 0.736536 0.014556 0.0160116
0 0.534571 0.759825 0.0138282 0.0203785
0 0.661936 0.803493 0.0196507 0.0291121
0 0.169578 0.432678 0.014556 0.0181951
0 0.774017 0.639738 0.0225619 0.0203785
0 0.776929 0.657569 0.0225619 0.0167394
0 0.807132 0.562955 0.014556 0.0181951
0 0.65575 0.676492 0.0218341 0.0138282
0 0.320597 0.75 0.0152838 0.0167394
0 0.504003 0.586245 0.0152838 0.0181951
0 0.691048 0.75 0.0211063 0.0138282
0 0.561135 0.562227 0.014556 0.0123726
0 0.215793 0.565866 0.0138282 0.0138282
0 0.734352 0.666303 0.014556 0.0152838
0 0.24163 0.698326 0.014556 0.0167394
0 0.473071 0.760553 0.0131004 0.0131004
0 0.567686 0.665211 0.014556 0.0131004
0 0.830422 0.61099 0.0160116 0.0138282
0 0.385735 0.77329 0.0160116 0.0152838
0 0.429039 0.789301 0.0225619 0.0196507
0 0.406114 0.764192 0.0116448 0.0131004
0 0.292576 0.332606 0.0131004 0.0174672
0 0.836608 0.598617 0.0138282 0.0123726
0 0.551674 0.582242 0.0160116 0.0160116
0 0.859898 0.608442 0.0181951 0.0160116
0 0.480349 0.712154 0.0160116 0.0211063
0 0.302402 0.355531 0.0167394 0.0138282
0 0.828239 0.398836 0.014556 0.0189229
0 0.536026 0.704512 0.0138282 0.0189229
0 0.455968 0.757278 0.0152838 0.0138282
0 0.69032 0.783479 0.0167394 0.0211063
0 0.850801 0.621179 0.0160116 0.0138282
0 0.206696 0.429403 0.014556 0.0189229
0 0.562955 0.473435 0.0152838 0.0196507
0 0.683406 0.764192 0.0276565 0.0131004
0 0.594978 0.665211 0.0152838 0.0203785
0 0.214338 0.580422 0.010917 0.0123726
0 0.844978 0.401019 0.0160116 0.0174672
0 0.63246 0.82278 0.0174672 0.0138282
0 0.88901 0.577147 0.0138282 0.0218341
0 0.727074 0.407933 0.014556 0.0181951
0 0.597889 0.727802 0.0123726 0.0131004
0 0.760189 0.753639 0.0138282 0.0181951
0 0.783115 0.745633 0.0203785 0.0167394
0 0.733261 0.684498 0.0138282 0.0211063
0 0.526565 0.733988 0.0138282 0.0269287
0 0.517831 0.706332 0.0152838 0.0181951
0 0.672125 0.749636 0.0138282 0.0116448
0 0.865357 0.655022 0.0160116 0.0174672
0 0.516012 0.813319 0.0131004 0.0152838
0 0.761645 0.671761 0.0138282 0.0116448
0 0.409753 0.749636 0.0160116 0.0203785
0 0.485444 0.797671 0.0203785 0.0131004
0 0.268559 0.649199 0.0203785 0.0116448
0 0.530568 0.597525 0.0203785 0.0203785
0 0.742358 0.644833 0.014556 0.014556
0 0.227802 0.699782 0.0160116 0.0167394
0 0.462154 0.705604 0.014556 0.0211063
0 0.530204 0.568413 0.0167394 0.0131004
0 0.434134 0.653566 0.0152838 0.0189229
0 0.451601 0.779112 0.0196507 0.0196507
0 0.559316 0.825328 0.0138282 0.0131004
0 0.536026 0.520378 0.0196507 0.0203785
0 0.630277 0.810044 0.0189229 0.014556
0 0.175036 0.536026 0.0196507 0.0123726
0 0.884643 0.303857 0.0167394 0.0167394
0 0.392649 0.757642 0.010917 0.0116448
0 0.571688 0.67722 0.0196507 0.0152838
0 0.461426 0.833333 0.014556 0.0131004
0 0.754731 0.423945 0.0174672 0.0269287
0 0.832242 0.772198 0.0283843 0.0174672
0 0.868268 0.631368 0.0160116 0.0196507
0 0.541485 0.833697 0.0160116 0.0211063
0 0.268195 0.308952 0.010917 0.010917
0 0.553493 0.64083 0.0254731 0.0152838
0 0.385735 0.300218 0.0174672 0.0138282
0 0.762009 0.628457 0.0232897 0.0269287
0 0.625546 0.738355 0.0138282 0.0123726
0 0.549491 0.49163 0.014556 0.0138282
0 0.64083 0.644833 0.0152838 0.0189229
0 0.54476 0.719432 0.0167394 0.0138282
0 0.25 0.738355 0.0152838 0.0240175
0 0.716521 0.807496 0.0123726 0.0152838
0 0.620815 0.85262 0.014556 0.0138282
0 0.301674 0.445051 0.0254731 0.0123726
0 0.195051 0.459607 0.0232897 0.0181951
0 0.565502 0.504003 0.0189229 0.0138282
0 0.445415 0.708515 0.0160116 0.0225619
0 0.579694 0.565866 0.0138282 0.0167394
0 0.371179 0.786026 0.014556 0.0218341
0 0.240902 0.33115 0.0101892 0.0101892
0 0.838792 0.568777 0.0138282 0.0167394
0 0.510917 0.802766 0.014556 0.014556
0 0.598253 0.83952 0.0218341 0.0167394
0 0.783843 0.695051 0.0189229 0.0247453
0 0.27147 0.688865 0.0131004 0.0138282
0 0.27802 0.72853 0.0101892 0.0116448
0 0.227074 0.573508 0.014556 0.0160116
0 0.344614 0.558224 0.0196507 0.0189229
0 0.312591 0.781659 0.0138282 0.0174672
0 0.526201 0.784935 0.0189229 0.0181951
0 0.602256 0.790757 0.0152838 0.0152838
0 0.693595 0.90393 0.0174672 0.014556
0 0.864629 0.573872 0.0131004 0.0181951
0 0.710699 0.659389 0.0152838 0.0174672
0 0.663392 0.903202 0.0211063 0.0203785
0 0.178311 0.389738 0.0131004 0.0138282
0 0.548763 0.669942 0.0160116 0.0181951
0 0.917394 0.576783 0.0138282 0.0138282
0 0.914847 0.243814 0.0232897 0.0160116
0 0.765284 0.692868 0.0196507 0.0174672
0 0.28821 0.468341 0.0160116 0.0196507
0 0.629913 0.836608 0.0181951 0.0138282
0 0.816958 0.342795 0.0283843 0.0160116
0 0.156477 0.541121 0.0232897 0.0167394
0 0.813683 0.597162 0.0131004 0.0152838
0 0.584789 0.648472 0.0152838 0.0160116
0 0.303493 0.576419 0.0262009 0.0160116
0 0.193959 0.506186 0.0152838 0.0225619
0 0.469068 0.855531 0.0181951 0.0181951
0 0.756914 0.661208 0.0131004 0.0152838
0 0.328967 0.767103 0.014556 0.0160116
0 0.471252 0.815866 0.0138282 0.0131004
0 0.25655 0.471616 0.0211063 0.014556
0 0.933406 0.536026 0.0167394 0.0283843
0 0.605167 0.629549 0.0254731 0.014556
0 0.397016 0.746725 0.0167394 0.0174672
0 0.935953 0.784571 0.0291121 0.0291121
0 0.803493 0.75837 0.0203785 0.0218341
0 0.686681 0.807132 0.0196507 0.0189229
0 0.346434 0.750364 0.0247453 0.0189229
0 0.293668 0.127729 0.0167394 0.0167394
0 0.684498 0.938865 0.0211063 0.0160116
0 0.754367 0.783479 0.0196507 0.0196507
0 0.26492 0.570961 0.0203785 0.0283843
0 0.877365 0.562955 0.0181951 0.0123726
0 0.30968 0.75837 0.0181951 0.0131004
0 0.162664 0.507278 0.0269287 0.0160116
0 0.835517 0.628821 0.0174672 0.0203785
0 0.439592 0.80786 0.0247453 0.0174672
0 0.800582 0.597162 0.0131004 0.0138282
0 0.676492 0.892649 0.0152838 0.0138282
0 0.638646 0.875546 0.0167394 0.0218341
0 0.14738 0.600073 0.0196507 0.0167394
0 0.626274 0.627001 0.0211063 0.0167394
0 0.737991 0.628093 0.0160116 0.0218341
0 0.528384 0.845342 0.0189229 0.0196507
0 0.464338 0.747817 0.0160116 0.0138282
0 0.783843 0.786026 0.0291121 0.0232897
0 0.814411 0.63246 0.0218341 0.0203785
0 0.486536 0.783115 0.0269287 0.014556
0 0.944687 0.572052 0.0218341 0.0218341
0 0.189592 0.417758 0.0211063 0.014556
0 0.489811 0.573508 0.014556 0.0218341
0 0.791121 0.626638 0.0203785 0.0160116
0 0.182678 0.64738 0.0174672 0.0152838
0 0.365721 0.757278 0.0181951 0.0211063
0 0.519651 0.320961 0.0189229 0.0189229
0 0.363173 0.553493 0.0174672 0.0225619
0 0.451601 0.85917 0.0181951 0.0254731
0 0.704148 0.802766 0.0152838 0.0232897
0 0.302402 0.591339 0.0225619 0.0123726
0 0.755459 0.335881 0.0262009 0.0167394
0 0.644105 0.769287 0.0218341 0.0276565
0 0.717977 0.756186 0.0167394 0.0232897
0 0.22853 0.330786 0.0116448 0.0123726
0 0.26492 0.422853 0.0160116 0.0189229
0 0.63246 0.0858806 0.0203785 0.014556
0 0.489083 0.875182 0.014556 0.0240175
0 0.456332 0.727074 0.0262009 0.014556
0 0.661208 0.656114 0.0211063 0.0167394
0 0.2631 0.328967 0.0138282 0.0189229
0 0.175764 0.616812 0.0283843 0.0138282
0 0.22853 0.682678 0.0131004 0.0203785
0 0.326055 0.784207 0.0116448 0.0152838
0 0.864993 0.505095 0.0196507 0.0232897
0 0.176128 0.629913 0.0262009 0.0138282
0 0.599345 0.864993 0.0167394 0.0254731
0 0.711063 0.639374 0.0174672 0.0138282
0 0.794032 0.669942 0.0160116 0.0312955
0 0.278384 0.268559 0.0211063 0.0131004
0 0.742358 0.404658 0.014556 0.0262009
0 0.953785 0.28639 0.0181951 0.0240175
0 0.989447 0.66885 0.0196507 0.0203785
0 0.622635 0.791849 0.0283843 0.0218341
0 0.66048 0.870451 0.0254731 0.0232897
0 0.705604 0.92722 0.0225619 0.0203785
0 0.80131 0.405022 0.0247453 0.0167394
0 0.325328 0.439956 0.0247453 0.0138282
0 0.299127 0.800218 0.0203785 0.0240175
0 0.884279 0.647744 0.0160116 0.0276565
0 0.501092 0.701237 0.0152838 0.0254731
0 0.756186 0.894105 0.0262009 0.0240175
0 0.826055 0.676128 0.0334789 0.014556
0 0.573508 0.329694 0.0218341 0.0189229
0 0.728166 0.777656 0.0298399 0.0152838
0 0.240902 0.453057 0.0232897 0.0138282
0 0.961426 0.502547 0.0203785 0.0240175
0 0.160844 0.649563 0.0232897 0.0211063
0 0.60444 0.339156 0.0211063 0.0189229
0 0.736172 0.914483 0.0196507 0.0254731
0 0.35444 0.384279 0.014556 0.0262009
0 0.649563 0.570233 0.0167394 0.0298399
0 0.215066 0.505822 0.0152838 0.0276565
0 0.840247 0.715429 0.0327511 0.0174672
0 0.743086 0.820961 0.0291121 0.0232897
0 0.37409 0.399927 0.014556 0.0269287
0 0.321689 0.254367 0.0131004 0.0225619
0 0.151383 0.695415 0.0262009 0.0167394
0 0.36099 0.475255 0.014556 0.0232897
0 0.363173 0.612445 0.0203785 0.0240175
0 0.687045 0.656114 0.0160116 0.0269287
0 0.344614 0.836245 0.0196507 0.0262009
0 0.599345 0.982533 0.0356623 0.0160116
0 0.703057 0.691412 0.0160116 0.0320233
0 0.63246 0.467977 0.0262009 0.0160116
0 0.858079 0.848981 0.0232897 0.0283843
0 0.89556 0.631004 0.0167394 0.0334789
