0 0.295891 0.53725 0.0195853 0.0115207
0 0.729839 0.725998 0.014977 0.0134409
0 0.213902 0.43702 0.016129 0.0107527
0 0.327573 0.108679 0.015361 0.0138249
0 0.963518 0.60119 0.0122888 0.0188172
0 0.571045 0.146121 0.0215054 0.0188172
0 0.192972 0.418395 0.0172811 0.014977
0 0.328917 0.152074 0.014977 0.0176651
0 0.365207 0.0908218 0.0192012 0.0180492
0 0.789555 0.262097 0.0192012 0.0119048
0 0.800307 0.227727 0.0145929 0.0145929
0 0.897849 0.544547 0.0138249 0.016129
0 0.0652842 0.564708 0.0199693 0.0126728
0 0.0606759 0.413786 0.0199693 0.0165131
0 0.607911 0.127688 0.0145929 0.0272657
0 0.897465 0.529186 0.0138249 0.0122888
0 0.169739 0.371352 0.0176651 0.0168971
0 0.817588 0.259409 0.0176651 0.0142089
0 0.0508833 0.443932 0.0188172 0.0145929
0 0.236175 0.420699 0.0176651 0.0172811
0 0.927995 0.480031 0.0195853 0.0130568
0 0.334293 0.134793 0.0172811 0.0199693
0 0.88076 0.542243 0.0188172 0.0199693
0 0.862903 0.745776 0.0122888 0.0207373
0 0.468702 0.126344 0.0172811 0.0215054
0 0.757873 0.192588 0.0241935 0.0211214
0 0.600806 0.115591 0.0172811 0.0253456
0 0.435484 0.140745 0.030722 0.0172811
0 0.182604 0.409946 0.0142089 0.014977
0 0.86828 0.710829 0.0168971 0.0168971
0 0.414363 0.0865975 0.0291859 0.0142089
0 0.994624 0.411482 0.0107527 0.0165131
0 0.467934 0.178379 0.0142089 0.0142089
0 0.778226 0.281874 0.014977 0.0184332
0 0.34735 0.202189 0.0257296 0.014977
0 0.858487 0.291283 0.0249616 0.0188172
0 0.432796 0.948541 0.0268817 0.0145929
0 0.93318 0.564516 0.016129 0.0145929
0 0.579685 0.110215 0.0165131 0.0253456
0 0.536098 0.159562 0.0199693 0.0142089
0 0.53245 0.177227 0.0180492 0.0142089
0 0.540323 0.191052 0.0168971 0.015745
0 0.880376 0.3197 0.0195853 0.0180492
0 0.873464 0.483103 0.015745 0.0245776
0 0.231375 0.400154 0.0257296 0.0168971
0 0.0522273 0.349846 0.015361 0.0199693
0 0.451229 0.78821 0.0199693 0.0272657
0 0.283794 0.643049 0.015361 0.015745
0 0.0422427 0.457373 0.016129 0.0176651
0 0.260561 0.168971 0.0241935 0.0330261
0 0.880184 0.68702 0.0215054 0.0299539
0 0.807604 0.877496 0.0192012 0.0184332
0 0.1851 0.371736 0.0215054 0.015361
0 0.552227 0.176843 0.0192012 0.015745
0 0.843126 0.471198 0.0142089 0.0238095
0 0.3149 0.169931 0.0168971 0.0264977
0 0.210637 0.551843 0.0280338 0.0192012
0 0.0424347 0.37404 0.0188172 0.016129
0 0.429916 0.273618 0.0264977 0.0165131
0 0.572005 0.391321 0.014977 0.0222734
0 0.701805 0.185292 0.0334101 0.0211214
0 0.565668 0.109255 0.0192012 0.0264977
0 0.703149 0.225038 0.0222734 0.016129
0 0.224462 0.451229 0.0188172 0.0222734
0 0.0662442 0.540899 0.0295699 0.0180492
0 0.062404 0.664555 0.0218894 0.0203533
0 0.340246 0.187404 0.0337942 0.016129
