0 0.325387 0.753056 0.0118174 0.0138549
0 0.577628 0.494499 0.0134474 0.0175224
0 0.506316 0.573757 0.0175224 0.0162999
0 0.421353 0.671149 0.0171149 0.0220049
0 0.374898 0.74185 0.0146699 0.0158924
0 0.655664 0.435819 0.0146699 0.0191524
0 0.496129 0.708231 0.0183374 0.0187449
0 0.288916 0.763855 0.0162999 0.0142624
0 0.680114 0.388549 0.0334148 0.0240424
0 0.31683 0.769764 0.0232274 0.0211899
0 0.684189 0.540546 0.0162999 0.0183374
0 0.585778 0.445599 0.0183374 0.0207824
0 0.363692 0.665852 0.0150774 0.0162999
0 0.541565 0.70273 0.0171149 0.0150774
0 0.775061 0.468011 0.0130399 0.0183374
0 0.356357 0.746536 0.0158924 0.0138549
0 0.518745 0.740424 0.0171149 0.0211899
0 0.75652 0.664833 0.0126324 0.0167074
0 0.5652 0.718419 0.0154849 0.0244499
0 0.499796 0.864914 0.0142624 0.0150774
0 0.661369 0.544214 0.0203749 0.0158924
0 0.360839 0.765077 0.0118174 0.0134474
0 0.448452 0.948655 0.0175224 0.0146699
0 0.466585 0.940913 0.0154849 0.0154849
0 0.704768 0.406683 0.0183374 0.0162999
0 0.713936 0.744703 0.0130399 0.0199674
0 0.75815 0.545232 0.0134474 0.0171149
0 0.592095 0.495518 0.0154849 0.0244499
0 0.541565 0.73696 0.0138549 0.0175224
0 0.643236 0.429095 0.0167074 0.0203749
0 0.573961 0.45599 0.0183374 0.0187449
0 0.849226 0.567237 0.0162999 0.0138549
0 0.566015 0.511206 0.0154849 0.0183374
0 0.373879 0.668908 0.0134474 0.0150774
0 0.371638 0.776487 0.0138549 0.0134474
0 0.522412 0.571108 0.0203749 0.0150774
0 0.653219 0.553993 0.0187449 0.0158924
0 0.56031 0.747759 0.0154849 0.0179299
0 0.376732 0.765892 0.0150774 0.0150774
0 0.771394 0.549307 0.0171149 0.0171149
0 0.628566 0.395681 0.0175224 0.0203749
0 0.445599 0.807661 0.0199674 0.0154849
0 0.386308 0.776284 0.0146699 0.0220049
0 0.711695 0.653015 0.0134474 0.0126324
0 0.332926 0.740424 0.0162999 0.0203749
0 0.413203 0.631011 0.0130399 0.0126324
0 0.642828 0.762632 0.0199674 0.0199674
0 0.370008 0.654849 0.0154849 0.0122249
0 0.525061 0.675428 0.0134474 0.0158924
0 0.620619 0.72881 0.0130399 0.0191524
0 0.435819 0.68154 0.0142624 0.0175224
0 0.754279 0.623268 0.0114099 0.0134474
0 0.623676 0.709861 0.0118174 0.0122249
0 0.611858 0.397514 0.0167074 0.0207824
0 0.658924 0.513855 0.0171149 0.0179299
0 0.399959 0.640179 0.0150774 0.0146699
0 0.641606 0.557661 0.0142624 0.0207824
0 0.710065 0.380807 0.0134474 0.0232274
0 0.331092 0.719641 0.0183374 0.0162999
0 0.450897 0.67339 0.0175224 0.0175224
0 0.548696 0.828647 0.0191524 0.0134474
0 0.709658 0.662999 0.0248574 0.0179299
0 0.550734 0.887123 0.0191524 0.0179299
0 0.452323 0.78912 0.0146699 0.0207824
0 0.544214 0.721883 0.0158924 0.0183374
0 0.44621 0.734719 0.0187449 0.0203749
0 0.531581 0.747759 0.0142624 0.0171149
0 0.293399 0.777302 0.0195599 0.0167074
0 0.71903 0.641198 0.0183374 0.0175224
0 0.664833 0.445395 0.0207824 0.0187449
0 0.481051 0.865526 0.0150774 0.0220049
0 0.676447 0.690505 0.0162999 0.0191524
0 0.488386 0.728403 0.0199674 0.0224124
0 0.74511 0.609617 0.0175224 0.0146699
0 0.724531 0.403423 0.0228199 0.0203749
0 0.84128 0.649348 0.0232274 0.0150774
0 0.638957 0.413407 0.0260799 0.0158924
0 0.402812 0.76956 0.0158924 0.0289324
0 0.568867 0.893236 0.0171149 0.0187449
0 0.750408 0.778525 0.0281174 0.0142624
0 0.652608 0.528932 0.0232274 0.0162999
0 0.662795 0.388346 0.0256724 0.0220049
0 0.571516 0.767115 0.0248574 0.0158924
0 0.336593 0.773635 0.0171149 0.0256724
0 0.611451 0.42665 0.0183374 0.0285249
0 0.793602 0.54401 0.0158924 0.0277099
0 0.745314 0.629177 0.0122249 0.0122249
0 0.663203 0.487571 0.0240424 0.0134474
0 0.492258 0.685819 0.0260799 0.0162999
0 0.363284 0.640994 0.0248574 0.0130399
0 0.818052 0.663203 0.0215974 0.0134474
0 0.592502 0.752445 0.0146699 0.0248574
0 0.397514 0.890791 0.0167074 0.0244499
0 0.719438 0.367156 0.0167074 0.0293399
0 0.714751 0.424409 0.0179299 0.0215974
0 0.747148 0.54727 0.0183374 0.0187449
0 0.448248 0.862266 0.0260799 0.0171149
0 0.642828 0.515281 0.0150774 0.0240424
0 0.531174 0.819478 0.0224124 0.0203749
0 0.56846 0.67828 0.0244499 0.0224124
0 0.34454 0.818256 0.0175224 0.0285249
0 0.594132 0.878362 0.0260799 0.0199674
0 0.660758 0.758354 0.0175224 0.0268949
0 0.601059 0.545232 0.0309698 0.0187449
0 0.698044 0.639772 0.0244499 0.0154849
0 0.860228 0.585167 0.0244499 0.0138549
0 0.393847 0.803178 0.0264874 0.0146699
0 0.680725 0.768541 0.0199674 0.0252649
0 0.479014 0.802975 0.0167074 0.0289324
0 0.568052 0.819478 0.0228199 0.0195599
0 0.491239 0.958028 0.0264874 0.0162999
0 0.409332 0.952527 0.0289324 0.0175224
