0 0.311599 0.666121 0.0150721 0.0163827
0 0.667431 0.147444 0.0137615 0.0117955
0 0.465269 0.275229 0.0104849 0.0117955
0 0.387287 0.683486 0.0144168 0.0144168
0 0.762779 0.321429 0.0196592 0.0150721
0 0.277195 0.287353 0.0144168 0.0137615
0 0.853539 0.76671 0.00982962 0.0117955
0 0.522608 0.212647 0.0190039 0.0124509
0 0.707733 0.294561 0.0117955 0.00982962
0 0.321101 0.837484 0.0144168 0.0144168
0 0.753932 0.713303 0.0203145 0.0176933
0 0.836501 0.334207 0.0111402 0.0117955
0 0.769987 0.858126 0.0196592 0.0150721
0 0.955439 0.535714 0.0157274 0.0137615
0 0.476081 0.215924 0.00982962 0.00982962
0 0.260485 0.3981 0.0137615 0.0163827
0 0.678244 0.464613 0.0196592 0.0222805
0 0.433814 0.665793 0.0131062 0.017038
0 0.526868 0.669725 0.0157274 0.017038
0 0.592398 0.647444 0.017038 0.017038
0 0.623853 0.222805 0.0117955 0.0144168
0 0.234273 0.332896 0.0137615 0.0131062
0 0.387942 0.391219 0.0117955 0.0104849
0 0.884338 0.734928 0.0163827 0.0124509
0 0.212975 0.440367 0.0157274 0.0117955
0 0.44135 0.34502 0.0124509 0.0124509
0 0.221494 0.679227 0.0222805 0.0137615
0 0.360419 0.573394 0.0104849 0.0117955
0 0.205439 0.580931 0.0150721 0.0124509
0 0.655636 0.12287 0.0176933 0.0163827
0 0.690367 0.258847 0.0163827 0.0144168
0 0.905636 0.710681 0.0131062 0.0124509
0 0.715596 0.194626 0.0117955 0.0131062
0 0.334862 0.320118 0.0131062 0.0124509
0 0.806684 0.415138 0.0117955 0.0124509
0 0.321756 0.523591 0.0131062 0.0131062
0 0.629751 0.202818 0.0131062 0.0176933
0 0.363041 0.673329 0.0117955 0.0124509
0 0.354849 0.637942 0.0150721 0.0150721
0 0.697903 0.151048 0.0222805 0.0124509
0 0.926606 0.66055 0.0157274 0.0131062
0 0.198231 0.529161 0.0150721 0.0203145
0 0.354194 0.385976 0.0111402 0.0117955
0 0.454784 0.307667 0.0104849 0.00982962
0 0.943644 0.414482 0.0131062 0.0124509
0 0.446592 0.290301 0.00982962 0.0104849
0 0.591088 0.495413 0.0131062 0.017038
0 0.406619 0.796199 0.0176933 0.0301442
0 0.370249 0.301769 0.0117955 0.0111402
0 0.314875 0.701507 0.0163827 0.0150721
0 0.442988 0.895151 0.0144168 0.0222805
0 0.766383 0.17038 0.0137615 0.017038
0 0.952818 0.524902 0.0183486 0.0131062
0 0.289646 0.31979 0.0144168 0.0131062
0 0.239515 0.652687 0.0137615 0.0196592
0 0.608126 0.64941 0.0144168 0.0157274
0 0.301114 0.291284 0.0150721 0.0150721
0 0.730996 0.846658 0.0150721 0.0196592
0 0.633683 0.238532 0.0157274 0.0144168
0 0.535059 0.584207 0.0150721 0.0176933
0 0.242464 0.528834 0.017038 0.0209699
0 0.313565 0.547837 0.0111402 0.0104849
0 0.535714 0.148755 0.0190039 0.0117955
0 0.309961 0.764089 0.0144168 0.0157274
0 0.436763 0.819135 0.0137615 0.0131062
0 0.402687 0.599279 0.0176933 0.0176933
0 0.228375 0.312254 0.0137615 0.0150721
0 0.944954 0.402031 0.0131062 0.0111402
0 0.20675 0.629096 0.0124509 0.0117955
0 0.617955 0.262779 0.0196592 0.0157274
0 0.445609 0.235256 0.0117955 0.0117955
0 0.316186 0.408257 0.0150721 0.0157274
0 0.479685 0.204784 0.0157274 0.0137615
0 0.368938 0.721822 0.0144168 0.0111402
0 0.491809 0.843054 0.0216252 0.0190039
0 0.245413 0.474443 0.0111402 0.0117955
0 0.224115 0.584207 0.0131062 0.0137615
0 0.240826 0.564875 0.0176933 0.0196592
0 0.913499 0.683159 0.0183486 0.0150721
0 0.700524 0.305374 0.0104849 0.0131062
0 0.857471 0.614351 0.0137615 0.0203145
0 0.683159 0.991481 0.0242464 0.0131062
0 0.617955 0.196592 0.0144168 0.017038
0 0.25557 0.366317 0.017038 0.0275229
0 0.365334 0.219528 0.0111402 0.0144168
0 0.751638 0.183814 0.0144168 0.0150721
0 0.345347 0.3827 0.0117955 0.0117955
0 0.26114 0.627457 0.0124509 0.0137615
0 0.356488 0.73886 0.0117955 0.0124509
0 0.327982 0.239515 0.0124509 0.0111402
0 0.567824 0.906946 0.0190039 0.0222805
0 0.917104 0.551769 0.0163827 0.0157274
0 0.352883 0.605832 0.0203145 0.0150721
0 0.246068 0.612385 0.0111402 0.0124509
0 0.815858 0.383683 0.0209699 0.0150721
0 0.79751 0.425295 0.0104849 0.0131062
0 0.209371 0.666121 0.0137615 0.0150721
0 0.225754 0.671363 0.0150721 0.0124509
0 0.352883 0.793906 0.0150721 0.0163827
0 0.559633 0.669069 0.0183486 0.0262123
0 0.955111 0.496068 0.0150721 0.0117955
0 0.381389 0.403342 0.0104849 0.0111402
0 0.266383 0.477064 0.0124509 0.0144168
0 0.672346 0.48886 0.0209699 0.0183486
0 0.73329 0.197248 0.0157274 0.0144168
0 0.827654 0.321429 0.0144168 0.0163827
0 0.241153 0.361402 0.0131062 0.0176933
0 0.27097 0.605177 0.0163827 0.0137615
0 0.496723 0.825033 0.0196592 0.0157274
0 0.293906 0.625819 0.0137615 0.0235911
0 0.399738 0.816186 0.017038 0.0229358
0 0.889908 0.720839 0.0196592 0.0144168
0 0.3519 0.662516 0.0117955 0.0117955
0 0.320773 0.570773 0.0176933 0.0131062
0 0.539646 0.695609 0.0176933 0.0163827
0 0.241481 0.583224 0.0137615 0.0157274
0 0.349279 0.269659 0.0117955 0.0137615
0 0.357798 0.296527 0.0144168 0.0176933
0 0.418086 0.239187 0.0157274 0.0157274
0 0.28211 0.302097 0.0150721 0.0131062
0 0.390891 0.3673 0.0124509 0.0111402
0 0.453801 0.82405 0.0190039 0.0137615
0 0.367955 0.271298 0.0150721 0.0196592
0 0.532765 0.18578 0.017038 0.0176933
0 0.652687 0.220511 0.0222805 0.0163827
0 0.381062 0.698558 0.0137615 0.0144168
0 0.429227 0.198558 0.017038 0.0131062
0 0.694626 0.191022 0.0275229 0.0163827
0 0.256225 0.457733 0.0144168 0.0190039
0 0.818152 0.426278 0.0229358 0.0150721
0 0.911861 0.659567 0.0150721 0.0137615
0 0.258191 0.754587 0.0157274 0.0163827
0 0.357143 0.205439 0.017038 0.0163827
0 0.600917 0.91055 0.017038 0.0203145
0 0.697575 0.228047 0.0190039 0.0131062
0 0.455767 0.189056 0.0150721 0.0124509
0 0.424967 0.884993 0.0203145 0.0163827
0 0.8519 0.345347 0.0117955 0.0131062
0 0.518676 0.864679 0.0203145 0.0203145
0 0.471494 0.305374 0.00982962 0.0117955
0 0.44135 0.261468 0.0163827 0.0144168
0 0.248362 0.710026 0.0183486 0.0229358
0 0.371232 0.314548 0.00982962 0.0104849
0 0.256225 0.547182 0.0117955 0.0131062
0 0.696265 0.28211 0.0150721 0.0124509
0 0.954128 0.604194 0.0209699 0.00917431
0 0.847969 0.598952 0.017038 0.0131062
0 0.579292 0.53637 0.0183486 0.0176933
0 0.326016 0.395151 0.0150721 0.0117955
0 0.632372 0.901704 0.0157274 0.0183486
0 0.787353 0.839122 0.0163827 0.0163827
0 0.319135 0.776868 0.017038 0.0216252
0 0.322412 0.651704 0.0144168 0.0176933
0 0.659567 0.587484 0.0176933 0.0176933
0 0.698231 0.293578 0.0124509 0.0104849
0 0.535714 0.548165 0.0190039 0.0163827
0 0.256553 0.341415 0.0163827 0.0262123
0 0.648427 0.898755 0.0150721 0.0190039
0 0.438401 0.245413 0.0131062 0.0124509
0 0.197248 0.643185 0.0157274 0.0137615
0 0.256225 0.605505 0.0157274 0.0117955
0 0.230341 0.648755 0.0150721 0.017038
0 0.350917 0.233617 0.0203145 0.0124509
0 0.298493 0.671035 0.0150721 0.0157274
0 0.478702 0.316841 0.00982962 0.00982962
0 0.292923 0.413499 0.017038 0.0183486
0 0.594692 0.372215 0.0163827 0.0144168
0 0.907602 0.341415 0.017038 0.0157274
0 0.637942 0.572739 0.025557 0.0144168
0 0.655963 0.151048 0.0183486 0.0124509
0 0.358781 0.587156 0.0111402 0.0104849
0 0.18578 0.456094 0.0216252 0.0209699
0 0.312254 0.336501 0.0150721 0.0203145
0 0.448231 0.223788 0.0131062 0.0137615
0 0.736566 0.259502 0.0222805 0.0157274
0 0.288663 0.740826 0.0150721 0.0190039
0 0.204456 0.511796 0.0183486 0.0196592
0 0.467235 0.192988 0.0117955 0.0124509
0 0.275557 0.274902 0.0163827 0.0203145
0 0.659895 0.747379 0.0144168 0.0163827
0 0.888598 0.380079 0.0131062 0.0157274
0 0.277851 0.356488 0.0157274 0.0144168
0 0.841088 0.673001 0.0150721 0.0183486
0 0.438401 0.166121 0.0222805 0.0137615
0 0.462975 0.294561 0.00982962 0.00982962
0 0.205439 0.652359 0.0150721 0.0124509
0 0.603211 0.21363 0.0137615 0.0131062
0 0.389581 0.863041 0.0163827 0.0235911
0 0.213958 0.53211 0.0163827 0.0196592
0 0.323067 0.820118 0.0183486 0.0150721
0 0.945282 0.442005 0.0190039 0.0163827
0 0.874181 0.533748 0.017038 0.0242464
0 0.609109 0.579292 0.0203145 0.0235911
0 0.416121 0.812254 0.0144168 0.0216252
0 0.417104 0.859764 0.0216252 0.0209699
0 0.772936 0.192661 0.0137615 0.0196592
0 0.290629 0.254915 0.0150721 0.0196592
0 0.20675 0.415793 0.0176933 0.0203145
0 0.915138 0.353211 0.0242464 0.0117955
0 0.390891 0.273591 0.00982962 0.0124509
0 0.801442 0.192005 0.0183486 0.0196592
0 0.413172 0.714286 0.0150721 0.0222805
0 0.492792 0.90924 0.0157274 0.0150721
0 0.3673 0.382045 0.008519 0.0117955
0 0.778834 0.332241 0.0229358 0.0131062
0 0.363368 0.239187 0.0150721 0.0183486
0 0.28768 0.686435 0.0222805 0.0176933
0 0.375819 0.327326 0.0111402 0.0111402
0 0.709699 0.214613 0.0222805 0.0150721
0 0.313237 0.316841 0.017038 0.0150721
0 0.685452 0.205439 0.0157274 0.0137615
0 0.664482 0.891547 0.0144168 0.0216252
0 0.326343 0.331586 0.0117955 0.0131062
0 0.758847 0.237877 0.0157274 0.017038
0 0.208388 0.609436 0.0157274 0.0183486
0 0.462975 0.898755 0.0150721 0.0203145
0 0.95675 0.4846 0.0157274 0.0111402
0 0.348952 0.580275 0.0111402 0.0111402
0 0.857143 0.639908 0.0222805 0.0203145
0 0.3827 0.265727 0.0144168 0.0150721
0 0.660878 0.247706 0.0176933 0.0222805
0 0.365662 0.709371 0.0131062 0.0137615
0 0.30865 0.644823 0.0144168 0.0209699
0 0.340432 0.779161 0.0163827 0.0222805
0 0.832241 0.252949 0.0209699 0.0144168
0 0.619266 0.625491 0.0157274 0.025557
0 0.805701 0.481651 0.0150721 0.0157274
0 0.460026 0.554391 0.0196592 0.0117955
0 0.847969 0.358126 0.017038 0.0163827
0 0.464941 0.316186 0.0111402 0.0124509
0 0.454456 0.203145 0.0150721 0.0117955
0 0.539974 0.911533 0.0196592 0.0222805
0 0.587156 0.901048 0.0157274 0.0196592
0 0.189056 0.602883 0.0203145 0.0131062
0 0.701835 0.168742 0.0301442 0.0150721
0 0.947575 0.388598 0.0157274 0.0183486
0 0.74443 0.869266 0.0196592 0.0176933
0 0.257864 0.533748 0.0137615 0.0163827
0 0.734273 0.281455 0.0163827 0.0176933
0 0.225754 0.358453 0.0176933 0.0157274
0 0.522608 0.831913 0.0216252 0.0229358
0 0.806029 0.238204 0.017038 0.0163827
0 0.947248 0.582896 0.0203145 0.0163827
0 0.827654 0.672018 0.0157274 0.0190039
0 0.324377 0.290957 0.0183486 0.0196592
0 0.337484 0.836173 0.0235911 0.0196592
0 0.240826 0.417104 0.0150721 0.0268676
0 0.539974 0.658585 0.0157274 0.0144168
0 0.385649 0.554718 0.0216252 0.0190039
0 0.868283 0.252949 0.0196592 0.0196592
0 0.564548 0.364024 0.0111402 0.0124509
0 0.898755 0.498034 0.0190039 0.0209699
0 0.673657 0.230668 0.0157274 0.0249017
0 0.179882 0.421691 0.0163827 0.0216252
0 0.890891 0.640236 0.0268676 0.0157274
0 0.327326 0.557012 0.0111402 0.0131062
0 0.831258 0.268349 0.0163827 0.0203145
0 0.438073 0.764744 0.0163827 0.0249017
0 0.502621 0.157929 0.0183486 0.0183486
0 0.242792 0.485583 0.0124509 0.0117955
0 0.307667 0.800131 0.0150721 0.0262123
0 0.528834 0.165793 0.0222805 0.0117955
0 0.834207 0.609764 0.0144168 0.0216252
0 0.415138 0.796199 0.0176933 0.0288336
0 0.524902 0.894823 0.0209699 0.0203145
0 0.62713 0.155636 0.0209699 0.0163827
0 0.221166 0.420052 0.0137615 0.0222805
0 0.265727 0.699541 0.0203145 0.0137615
0 0.188729 0.563237 0.0249017 0.0150721
0 0.503932 0.181193 0.0183486 0.0190039
0 0.46363 0.846003 0.025557 0.0209699
0 0.654325 0.200197 0.0294889 0.0163827
0 0.177261 0.540301 0.0216252 0.0203145
0 0.401376 0.210682 0.0216252 0.0190039
0 0.775557 0.251966 0.0229358 0.0163827
0 0.898427 0.32536 0.0249017 0.0137615
0 0.952818 0.473132 0.0209699 0.0117955
0 0.517693 0.805046 0.0262123 0.0137615
0 0.572084 0.566514 0.0183486 0.0229358
0 0.373526 0.764417 0.0249017 0.0176933
0 0.340432 0.56979 0.0111402 0.0124509
0 0.195937 0.466579 0.0196592 0.0222805
0 0.937746 0.637942 0.0196592 0.0176933
0 0.403014 0.749017 0.0275229 0.017038
0 0.352883 0.753604 0.0242464 0.0144168
0 0.289974 0.807012 0.0163827 0.025557
0 0.773591 0.222477 0.0242464 0.0176933
0 0.927261 0.371232 0.017038 0.0190039
0 0.471494 0.879423 0.0242464 0.0144168
0 0.878113 0.342726 0.0157274 0.0183486
0 0.915138 0.441678 0.0176933 0.0222805
0 0.541612 0.80308 0.025557 0.0124509
0 0.501311 0.12844 0.0222805 0.0209699
0 0.578637 0.811599 0.0275229 0.0203145
0 0.778834 0.302097 0.0281782 0.0144168
0 0.581258 0.851245 0.0249017 0.0222805
0 0.892857 0.462647 0.0150721 0.0288336
