0 0.627692 0.624103 0.0133333 0.0123077
0 0.943333 0.404872 0.0158974 0.0179487
0 0.926154 0.411282 0.014359 0.0133333
0 0.924103 0.386667 0.0164103 0.0235897
0 0.658462 0.972308 0.0246154 0.0246154
0 0.954615 0.607949 0.0210256 0.0282051
0 0.911538 0.403077 0.0128205 0.0215385
0 0.423846 0.12641 0.02 0.0241026
0 0.567692 0.82282 0.0287179 0.0179487
0 0.195641 0.251282 0.0189744 0.0235897
0 0.155385 0.324359 0.0133333 0.0292308
0 0.609487 0.830256 0.0364103 0.0184615
0 0.823333 0.326923 0.0261538 0.0230769
0 0.526667 0.0674359 0.0276923 0.0230769
0 0.141282 0.635641 0.0158974 0.0333333
